     4.0     3.5     5.0     3.6
     5.7     5.0     5.0     4.0
     3.0     3.6     6.1     3.7
     4.4     5.0     5.6     4.7
     2.4     3.4     3.9     5.2
     2.2     4.1     3.8     2.8
     2.9     5.8     3.5     2.9
     1.8     2.3     3.1     2.1
     3.6     3.7     4.0     2.2
     0.0     0.0     0.0     0.0
     2.9     2.1     3.4     1.8
     5.1     2.9     3.6     1.8
     4.2     1.8     4.6     2.9
     5.9     3.6     5.1     2.9
     0.0     0.0     0.0     0.0
     5.9     2.9     5.9     4.2
     7.7     4.5     5.9     4.2
     5.9     4.2     7.7     5.9
     7.7     5.9     9.6     5.9
     0.0     0.0     0.0     0.0
