     0.6    -0.0    -0.0     0.6
     1.2     0.6    -0.0     0.6
     1.2    -0.0     0.6     1.2
     1.8     0.6     0.6     2.9
     0.9     1.8     2.6     1.6
     1.7     0.6     1.2     1.8
     2.5     1.2     1.2     1.8
     1.6     1.2     1.8     2.5
     3.2     1.8     1.8     3.3
     0.0     0.0     0.0     0.0
     3.0     1.8     1.6     3.2
     4.9     2.5     1.6     3.2
     4.2     1.6     3.0     4.7
     5.9     3.2     3.0     5.1
     0.0     0.0     0.0     0.0
     5.9     3.0     4.2     5.9
     7.7     4.5     4.2     5.9
     5.9     4.2     5.9     7.7
     7.7     5.9     5.9     9.6
     0.0     0.0     0.0     0.0
